t
[0.3217534573953534;
 -0.140602337280184;
 1]

R
[-0.9998162452150277, -0.005715899396290247, -0.01829765827136212;
 -0.01241186319554266, 0.9204456958675384, 0.3906733502696822;
 0.01460895123337712, 0.3908286702034718, -0.9203475045279618]

R.inv()
[-0.9998162452150274, -0.01241186319554263, 0.01460895123337717;
 -0.005715899396290297, 0.9204456958675389, 0.390828670203472;
 -0.01829765827136209, 0.3906733502696823, -0.920347504527962]
