t
[0.3231560323275935;
 -0.1395221352353661;
 1]

R
[-0.9999675900619829, -0.008045720617740448, 0.0002918995909306776;
 -0.007148515977625725, 0.9039690589435854, 0.4275381143149302;
 -0.003703720419733131, 0.4275221711822557, -0.9039972763248031]

R.inv()
[-0.9999675900619832, -0.007148515977625784, -0.00370372041973313;
 -0.008045720617740398, 0.9039690589435854, 0.4275221711822558;
 0.0002918995909307041, 0.4275381143149302, -0.9039972763248033]
