t
[0.3220214182557726;
 -0.139367809203122;
 1]

R
[-0.9998446726314025, -0.01454715851977351, 0.00995041655430054;
 -0.009195021383539948, 0.9121941208578037, 0.4096551445474773;
 -0.01503602980709207, 0.4095000195988504, -0.91218619357902]

R.inv()
[-0.9998446726314028, -0.009195021383540013, -0.01503602980709201;
 -0.01454715851977349, 0.9121941208578044, 0.4095000195988506;
 0.009950416554300632, 0.4096551445474774, -0.9121861935790203]
