t
[0.3221273277841458;
 -0.1384631684450974;
 1]

R
[-0.9999192410372007, -0.01136610825316975, -0.005685330840486585;
 -0.012679650367934, 0.9224754399968302, 0.3858474945742184;
 0.0008589936760605928, 0.3858884219380412, -0.9225450601157825]

R.inv()
[-0.9999192410372008, -0.01267965036793402, 0.0008589936760605181;
 -0.0113661082531697, 0.9224754399968301, 0.3858884219380413;
 -0.005685330840486647, 0.3858474945742184, -0.9225450601157825]
