每幅图像的标定误差：
第1幅图像的平均误差：0.0506348像素
第2幅图像的平均误差：0.0525053像素
第3幅图像的平均误差：0.0528557像素
第4幅图像的平均误差：0.0518514像素
第5幅图像的平均误差：0.0734938像素
第6幅图像的平均误差：0.0498473像素
第7幅图像的平均误差：0.0559666像素
第8幅图像的平均误差：0.055219像素
第9幅图像的平均误差：0.0563886像素
第10幅图像的平均误差：0.0572813像素
第11幅图像的平均误差：0.0643325像素
第12幅图像的平均误差：0.0614138像素
第13幅图像的平均误差：0.0754423像素
第14幅图像的平均误差：0.0539694像素
第15幅图像的平均误差：0.0614336像素
第16幅图像的平均误差：0.0604388像素
第17幅图像的平均误差：0.055167像素
总体平均误差：0.0581318像素

相机内参数矩阵：
[1057.385404847575, 0, 948.7368144146656;
 0, 1060.630171477303, 571.7726052441631;
 0, 0, 1]

畸变系数：
[0.06774549294747735, -0.1002782056003578, 0.0009568337686190851, -0.002756102212545533, 0.04087330694464617]


第1幅图像的旋转向量：
[3.790380373603066;
 -31.37891747375975;
 286.5835313909009]
第1幅图像的旋转矩阵：
[0.7614534242281031, 0.644019645983192, 0.07367074262541834;
 -0.6447023709657467, 0.764238181956085, -0.0172873974791733;
 -0.06743541801191227, -0.03433215443490571, 0.9971327732902056]
第1幅图像的平移向量：
[-3.122060083409532;
 -0.1247164914260528;
 -0.1844927400026561]

第2幅图像的旋转向量：
[130.7340897495068;
 -58.92436245049082;
 287.1010349698673]
第2幅图像的旋转矩阵：
[0.9061872318291659, -0.4206220445584554, -0.04360959184925091;
 0.4037958018216946, 0.8913131935814288, -0.2061789062412766;
 0.1255931976699703, 0.1692273222004624, 0.9775420513307306]
第2幅图像的平移向量：
[-2.760029848884075;
 -0.06095020025127774;
 0.375474155714726]

第3幅图像的旋转向量：
[-4.699260182288642;
 -51.0777434090322;
 252.3906054565528]
第3幅图像的旋转矩阵：
[0.9981691490190054, 0.05928910959783141, 0.01196459066458065;
 -0.05927585503335869, 0.9982405733192277, -0.001459722358565735;
 -0.01203008548344027, 0.0007478384826864369, 0.9999273562518753]
第3幅图像的平移向量：
[-3.076295759264864;
 0.09832294767236675;
 -0.3035742546310215]

第4幅图像的旋转向量：
[-95.05116303920721;
 -46.2055585314978;
 263.1117321434952]
第4幅图像的旋转矩阵：
[0.7300751926955083, -0.6497745270299837, -0.21162059690299;
 0.6829986063932128, 0.7039772717347572, 0.194753445530027;
 0.02243026249391472, -0.2867212320422906, 0.9577514387462986]
第4幅图像的平移向量：
[3.065496532417674;
 -0.1015452368365008;
 0.2720176550543973]

第5幅图像的旋转向量：
[-162.7645470111136;
 -67.66284538857367;
 286.0902873833778]
第5幅图像的旋转矩阵：
[-0.5255049094504811, 0.09470136685803335, -0.8455035430195793;
 0.2940838107427916, -0.9123098615576197, -0.2849656624292032;
 -0.7983478580183198, -0.3983997585590846, 0.4515731723404559]
第5幅图像的平移向量：
[2.790582006230269;
 -0.1422066347453878;
 -0.1398557775510667]

第6幅图像的旋转向量：
[-50.46417612214872;
 -41.37676135569724;
 341.7426018230447]
第6幅图像的旋转矩阵：
[-0.6616022073112676, -0.674768669444772, -0.3270623213037395;
 0.7333255904224693, -0.6733048841875946, -0.09430859643037108;
 -0.1565761722370147, -0.3022379454417691, 0.9402851304911413]
第6幅图像的平移向量：
[2.996140925906921;
 0.1321163357067324;
 -0.3541827453384694]

第7幅图像的旋转向量：
[16.17892619942725;
 -11.44550465608151;
 344.9273294444071]
第7幅图像的旋转矩阵：
[0.9968881001723555, 0.07878132708690637, 0.00276011542828583;
 -0.07879100333750595, 0.9968846838330826, 0.003592343536473598;
 -0.00246850720491407, -0.003798636787163579, 0.9999897383627187]
第7幅图像的平移向量：
[-2.58008777186504;
 0.1806369645829541;
 0.6575965161858751]

第8幅图像的旋转向量：
[32.34608257803203;
 -52.92034309869985;
 325.5946534594557]
第8幅图像的旋转矩阵：
[0.02079826709272549, 0.9668681016701237, 0.254427801269341;
 -0.9976764175080979, 0.03658513273566413, -0.0574742899992834;
 -0.06487833254752731, -0.2526412516504885, 0.9653824112393634]
第8幅图像的平移向量：
[-3.076212187223126;
 -0.632298056805328;
 0.3350491647943522]

第9幅图像的旋转向量：
[29.75947354182187;
 22.52065194148184;
 325.1256646934361]
第9幅图像的旋转矩阵：
[0.8614395336735196, -0.5056145988477594, 0.04770542166639632;
 0.5073632141333722, 0.8609458343102585, -0.03680814214364784;
 -0.02246105003340646, 0.05591196487186325, 0.998183026010543]
第9幅图像的平移向量：
[2.258481905980909;
 0.2350155645721887;
 -0.303207271396893]

第10幅图像的旋转向量：
[-74.78797906825511;
 30.11322823299973;
 264.3109388267212]
第10幅图像的旋转矩阵：
[0.992601729269221, 0.1203822804075972, -0.0158086563508332;
 -0.1208531688809316, 0.992111790760518, -0.03329724020688731;
 0.01167555665435812, 0.03496142442499683, 0.9993204592016447]
第10幅图像的平移向量：
[2.38055675424177;
 -0.1177106660599464;
 -0.0587187829343499]

第11幅图像的旋转向量：
[-136.2116936783545;
 58.90309458622063;
 211.4897378912719]
第11幅图像的旋转矩阵：
[0.8053981309556612, -0.5914242291834649, 0.03938567998488822;
 0.5266346525885836, 0.7444948580932881, 0.4103454020280437;
 -0.2720106493246717, -0.309749555943829, 0.9110792606829392]
第11幅图像的平移向量：
[2.514404200666635;
 -0.4154966406456319;
 -0.004291139041082826]

第12幅图像的旋转向量：
[-109.966022402148;
 35.34085902544624;
 234.0829635172078]
第12幅图像的旋转矩阵：
[-0.6136523769669107, 0.1335055621416914, -0.7782075720012569;
 -0.3572993065340666, -0.9258674068855892, 0.1229095212635293;
 -0.7041079219786806, 0.3534767456908387, 0.6158621797631985]
第12幅图像的平移向量：
[-2.824409419835161;
 0.08195747418861164;
 0.08076274085629208]

第13幅图像的旋转向量：
[-43.24349295259755;
 -36.49844515028821;
 275.2557322722897]
第13幅图像的旋转矩阵：
[-0.1321988620080846, 0.9901280380617484, -0.0465824980841541;
 -0.943772081582925, -0.140097500537358, -0.2994443994597625;
 -0.3030143872960494, 0.004377052338939813, 0.9529759296563698]
第13幅图像的平移向量：
[-2.126312539159026;
 -0.4640222833936878;
 0.692509720358211]

第14幅图像的旋转向量：
[6.05727061672579;
 51.5865978840127;
 225.3074822224736]
第14幅图像的旋转矩阵：
[0.3055361943597135, 0.932054919269239, -0.1947338219267416;
 -0.9239312565780714, 0.3396517441685751, 0.1760333087836248;
 0.2302143936730489, 0.1261361175447277, 0.9649305740811063]
第14幅图像的平移向量：
[3.039969634141375;
 0.1634930565820358;
 -0.1525349056959774]

第15幅图像的旋转向量：
[-44.33121922995712;
 -0.02244623581047269;
 147.5072592434508]
第15幅图像的旋转矩阵：
[-0.8308685627845991, 0.08309927308085993, -0.5502289906845035;
 -0.08293181212618916, -0.9962358531717731, -0.02522775044620419;
 -0.5502542556979648, 0.02467054252630374, 0.8346326248222843]
第15幅图像的平移向量：
[-3.115605118029884;
 -0.09669265596460501;
 -0.223856276594669]

第16幅图像的旋转向量：
[-95.78728653201117;
 0.8987495405336863;
 145.8363895096822]
第16幅图像的旋转矩阵：
[0.3881009765960916, 0.8268792078586609, -0.4069992722059757;
 -0.8318326603974198, 0.1241586962370147, -0.5409612215721898;
 -0.3967770873693581, 0.5485028657716918, 0.7360112425628638]
第16幅图像的平移向量：
[-3.064266076087289;
 -0.0670582461493512;
 -0.2477305707640592]

第17幅图像的旋转向量：
[55.23340702414387;
 54.22637753550619;
 263.553125426377]
第17幅图像的旋转矩阵：
[-0.1549322193400834, 0.9871576599479122, 0.03893278588180762;
 -0.8916021235915981, -0.1566905891131512, 0.4248455160294464;
 0.4254899065986282, 0.03110970410556854, 0.9044282866502769]
第17幅图像的平移向量：
[2.972570252424831;
 0.3307952000565816;
 -0.4792053335613453]


